# roundtrip_check: random-init Ember-shape GPT, torch reference
7 64
5 12 33 1 60 7 20
0.20610272884368896 -0.13279131054878235 0.036832958459854126 0.1524834930896759 0.1597723364830017 0.8342929482460022 -0.2972857654094696 -0.4003508388996124 0.2620288133621216 -0.3087051808834076 0.1050189733505249 -0.13354700803756714 0.09925805777311325 0.25425514578819275 -0.06891074776649475 -0.16337862610816956 -0.02158639393746853 0.24838463962078094 -0.10565204173326492 0.2969971001148224 -0.07064705342054367 -0.1340162307024002 0.045953087508678436 0.205903097987175 -0.17919890582561493 0.1983029693365097 0.04276729002594948 0.031029924750328064 -0.213858962059021 0.014816450886428356 0.25006744265556335 -0.0998239666223526 -0.05738441273570061 -0.23036989569664001 0.004477298352867365 -0.018629852682352066 -0.007103786803781986 -0.00013164330448489636 -0.07672806829214096 -0.16158834099769592 0.17430633306503296 0.046026814728975296 -0.10929030179977417 0.06626956909894943 -0.060836683958768845 -0.024756336584687233 -0.11619602143764496 -0.07865706086158752 0.1362360119819641 0.09628334641456604 0.020204631611704826 -0.12215836346149445 -0.18163469433784485 -0.12119501084089279 -0.09359182417392731 0.05904032289981842 0.01724129170179367 -0.05604299530386925 -0.07570669800043106 -0.16830728948116302 0.4285389482975006 0.02318940870463848 0.2720247805118561 0.005217479541897774
0.23668137192726135 -0.08612851053476334 0.08999838680028915 0.1299092322587967 -0.0007657731184735894 0.12252134084701538 -0.026270611211657524 -0.24731148779392242 0.2076404094696045 -0.12031324952840805 0.03680013120174408 -0.19183577597141266 0.7778494954109192 0.11392771452665329 -0.10264268517494202 -0.09447552263736725 0.12406039237976074 0.13018140196800232 -0.2214021235704422 0.24900388717651367 -0.29170259833335876 0.029934488236904144 0.06668410450220108 0.22029449045658112 -0.34126657247543335 0.04629138857126236 0.26341184973716736 0.1109924465417862 -0.20948205888271332 -0.1628085970878601 0.284373015165329 0.11491601914167404 -0.04904332011938095 -0.09294667094945908 0.11504313349723816 0.018551964312791824 -0.027046354487538338 -0.0016434038989245892 -0.322095662355423 -0.22570966184139252 0.036382731050252914 0.19695092737674713 -0.08629269897937775 0.004377858247607946 -0.02430037036538124 -0.12513795495033264 0.05994027480483055 -0.07257136702537537 0.33341455459594727 0.20463113486766815 0.10655233263969421 -0.07643094658851624 -0.16717767715454102 -0.0708538368344307 0.06201590597629547 -0.06302407383918762 -0.1386711746454239 -0.07532951235771179 0.0668080672621727 0.002073965035378933 0.45774608850479126 -0.049811944365501404 0.1043466180562973 0.09338826686143875
0.24089917540550232 0.14859430491924286 -0.02892303466796875 -0.05786065757274628 0.11704638600349426 -0.28895479440689087 0.2311408370733261 -0.23032942414283752 0.09714578837156296 -0.12436429411172867 0.1494641751050949 -0.10278503596782684 0.3143034875392914 -0.012655622325837612 -0.19774213433265686 0.16182616353034973 0.40530091524124146 0.07415029406547546 -0.20887896418571472 0.04628041014075279 -0.14045186340808868 0.09411690384149551 0.03622374311089516 0.14872120320796967 -0.2553085684776306 0.10124427080154419 0.18694381415843964 0.10615957528352737 0.013899404555559158 -0.17123278975486755 0.2711775600910187 0.15080223977565765 -0.15749076008796692 0.6613423824310303 0.15880867838859558 0.05196234956383705 0.06289894878864288 -0.020531106740236282 -0.04542803764343262 -0.2582791745662689 0.03173566982150078 -0.13601990044116974 -0.22388502955436707 -0.04733739793300629 -0.19431565701961517 -0.0022208800073713064 -0.015620731748640537 -0.04265763983130455 0.21170543134212494 0.12772206962108612 0.13086432218551636 -0.12086759507656097 -0.2897343933582306 -0.053847186267375946 0.18117161095142365 0.04850617051124573 -0.07845977693796158 -0.010718054138123989 -0.07201752811670303 0.15996049344539642 0.1601218730211258 -0.05843376740813255 -0.00937896128743887 0.16214263439178467
0.07209128886461258 0.6305845975875854 0.12066497653722763 -0.08002634346485138 0.27954772114753723 -0.20602332055568695 0.026351388543844223 -0.2803538143634796 -0.1244872510433197 -0.03910822793841362 0.2874318063259125 0.08808375149965286 0.11770570278167725 0.024728722870349884 -0.09068717807531357 0.304963618516922 0.28300490975379944 0.00045967972255311906 0.15189456939697266 -0.08212357759475708 -0.09694188088178635 -0.10417849570512772 -0.013893615454435349 0.09282245486974716 -0.22804170846939087 0.06659236550331116 -0.012740164995193481 -0.11793167889118195 -0.018623577430844307 -0.4763965904712677 0.039148252457380295 0.2261878401041031 0.013541733846068382 -0.022142935544252396 0.30922457575798035 -0.003617178415879607 0.13827450573444366 0.1098141148686409 0.07855456322431564 -0.04815929755568504 0.13058550655841827 0.09549842774868011 0.08000338822603226 0.12487136572599411 -0.31682658195495605 -0.325305700302124 -0.12422385066747665 -0.18205657601356506 0.2174730747938156 0.16212765872478485 0.09616239368915558 0.024599386379122734 0.15621520578861237 0.021262751892209053 0.15730860829353333 -0.07988344132900238 -0.28037887811660767 0.03851097449660301 -0.07974159717559814 0.023227112367749214 0.20314447581768036 -0.13626816868782043 -0.09841720759868622 0.028799207881093025
0.04558936506509781 0.07645285129547119 0.023488551378250122 0.11110010743141174 0.15895414352416992 0.06826160103082657 0.07485558837652206 -0.18062357604503632 0.21729637682437897 -0.03762704133987427 -0.04131106659770012 -0.05674932897090912 0.22703218460083008 0.1355307400226593 -0.14296342432498932 -0.019877448678016663 -0.10066308081150055 0.045642174780368805 -0.02849513664841652 0.22037947177886963 -0.09957821667194366 -0.1977348029613495 0.1811322122812271 0.08217526972293854 -0.1734439730644226 -0.014289483428001404 0.17439216375350952 -0.06490665674209595 -0.15446116030216217 -0.0925215408205986 0.031370580196380615 0.07798357307910919 0.021170340478420258 -0.32010969519615173 0.18539756536483765 -0.027942191809415817 -0.20823122560977936 0.0470978282392025 -0.011828139424324036 -0.15357814729213715 -0.1349782645702362 0.019087903201580048 0.20967303216457367 -0.09843027591705322 -0.007193759083747864 -0.3019029200077057 -0.2475980520248413 -0.028135893866419792 0.08239854127168655 0.21396778523921967 0.01692177541553974 -0.15344953536987305 0.1326877474784851 -0.1464700996875763 0.19688525795936584 -0.10786502808332443 -0.09183561056852341 -0.2058515101671219 -0.13957716524600983 -0.12044122815132141 1.0505132675170898 0.0798053964972496 0.05612850934267044 0.1557227224111557
0.08072002232074738 0.18561884760856628 0.04086439311504364 -0.18329235911369324 0.1755405217409134 -0.1378931701183319 -0.04881492257118225 0.6325472593307495 0.01264328882098198 0.07753744721412659 0.062219470739364624 0.09102702140808105 0.23507905006408691 -0.28617948293685913 -0.054292231798172 0.12957215309143066 -0.04943767189979553 -0.07946620136499405 -0.08873482048511505 0.0734526738524437 -0.31590092182159424 0.13363847136497498 0.1558966487646103 0.09385649859905243 -0.09577536582946777 0.17886126041412354 0.0838129073381424 -0.1289743036031723 0.09472900629043579 -0.3394246995449066 -0.10611671209335327 0.16391780972480774 -0.04955494776368141 -0.17412114143371582 -0.03675039857625961 -0.18820254504680634 -0.2421853244304657 0.0806279182434082 -0.11778341233730316 -0.09662278741598129 0.005919933319091797 0.03342115134000778 0.3118988573551178 -0.02933800220489502 0.33910438418388367 -0.2082034796476364 0.18611882627010345 -0.11262374371290207 -0.052317410707473755 0.09635353088378906 0.19342851638793945 -0.011771967634558678 0.11854234337806702 0.06236601993441582 0.0517459511756897 -0.10618928074836731 -0.042048849165439606 -0.044998008757829666 -0.03735855966806412 -0.18101634085178375 0.08100784569978714 -0.022061645984649658 -0.20789504051208496 0.13453704118728638
-0.42187389731407166 0.10150503367185593 0.1617627739906311 0.058618366718292236 0.2042287290096283 -0.08294444531202316 0.009877614676952362 -0.36041438579559326 -0.10256470739841461 -0.024362780153751373 0.24760252237319946 -0.03592170774936676 0.05218455195426941 -0.10741489380598068 -0.0687447339296341 -0.041386108845472336 0.3958738148212433 -0.048966940492391586 0.0532664954662323 -0.09280164539813995 0.48348307609558105 0.020799025893211365 -0.03342984616756439 0.07241923362016678 -0.29805153608322144 0.0665443018078804 0.05933650583028793 -0.24805131554603577 0.14072006940841675 -0.28654003143310547 -0.05972757935523987 -0.03977634012699127 0.07624184340238571 -0.1160314753651619 0.050202857702970505 0.10431908816099167 -0.2644532322883606 -0.07632006704807281 -0.019777629524469376 0.028329670429229736 -0.1285664290189743 -0.19197973608970642 0.1421467363834381 -0.23629993200302124 -0.06006934493780136 -0.24642407894134521 -0.12939175963401794 -0.042421430349349976 0.16800853610038757 0.021416075527668 0.0706542432308197 -0.09422698616981506 0.011617712676525116 -0.20135211944580078 0.1658557653427124 -0.11421038955450058 -0.34031540155410767 -0.13103705644607544 0.07795166224241257 -0.016184385865926743 0.28523144125938416 -0.007502969354391098 -0.12212476879358292 0.12462139129638672
